,load_breast_cancer,load_digits,load_iris,load_wine
n_neighbors,6.0,4.0,12.0,19.0
p,3.0,1.0,1.0,1.0
leaf_size,14.0,9.0,7.0,13.0
max_test_score,0.9790209790209791,0.9688888888888889,0.9736842105263158,0.9555555555555556
max_train_score,0.9624413145539906,0.9717891610987378,0.9642010431484116,0.9698653198653199
test_score,0.979020979020979,0.9657777777777777,0.9736842105263157,0.9555555555555555
std_test,1.1102230246251565e-16,0.0017777777777777891,1.1102230246251565e-16,1.1102230246251565e-16
train_score,0.9624413145539906,0.9710467706013362,0.961498340445709,0.9690909090909091
std_train,0.0,0.0004695289770108752,0.004128446572032246,0.0023232323232323495
Time,0.9535760164260865,4.953377962112427,1.1749366044998169,1.091973066329956
