,load_breast_cancer,load_digits,load_iris,load_wine
n_neighbors,6.0,1.0,15.0,62.0
p,3.0,1.0,2.0,1.0
leaf_size,20.0,5.0,2.0,60.0
max_test_score,0.9790209790209791,0.9733333333333334,0.9736842105263158,0.9111111111111111
max_train_score,0.9624413145539906,0.9732739420935412,0.9642010431484116,0.9774410774410774
test_score,0.9776223776223775,0.9733333333333333,0.9736842105263157,0.9111111111111111
std_test,0.004195804195804219,1.1102230246251565e-16,1.1102230246251565e-16,0.0
train_score,0.962206572769953,0.9732739420935413,0.9642010431484117,0.9774410774410776
std_train,0.0007042253521126862,1.1102230246251565e-16,1.1102230246251565e-16,1.1102230246251565e-16
Time,71.4395831823349,148.62543070316315,73.82875592708588,74.03431117534637
