,load_breast_cancer,load_digits,load_iris,load_wine
n_neighbors,5.0,2.0,15.0,48.0
p,3.0,1.0,1.0,2.0
leaf_size,34.0,3.0,9.0,6.0
max_test_score,0.986013986013986,0.9733333333333334,0.9473684210526315,0.9333333333333333
max_train_score,0.9624413145539906,0.9732739420935412,0.9642010431484116,0.9774410774410774
test_score,0.9839160839160839,0.9733333333333333,0.9473684210526315,0.9333333333333333
std_test,0.0032045983880810004,1.1102230246251565e-16,0.0,0.0
train_score,0.9607981220657276,0.9732739420935413,0.9642010431484117,0.9766498316498318
std_train,0.0010757219941211046,1.1102230246251565e-16,1.1102230246251565e-16,0.00220667194696496
Time,9.45880355834961,43.73381948471069,10.580559706687927,10.589551448822021
