,load_breast_cancer,load_digits,load_iris,load_wine
n_estimators,39.0,164.0,87.0,66.0
max_features,0.022146471721070492,0.07037742591674197,0.890825040756113,0.09000080151867738
max_samples,0.8765667580991712,0.9599975656058293,0.6216155262733964,0.8012976214528494
max_test_score,0.972027972027972,0.9733333333333334,0.9736842105263158,0.9555555555555556
max_train_score,0.9507042253521126,0.9703043801039347,0.9732100521574205,0.9924242424242425
test_score,0.9615384615384615,0.966,0.9736842105263157,0.9088888888888889
std_test,0.008420695509644943,0.00422222222222225,1.1102230246251565e-16,0.02320068113091237
train_score,0.9460093896713614,0.9694877505567929,0.9660028449502132,0.9924242424242425
std_train,0.0034817833272749194,0.0024498886414253684,0.0036036036036035664,0.0
Time,62.105068397521975,157.70702159404755,53.64592905044556,61.6793755531311
