,load_breast_cancer,load_digits,load_iris,load_wine
n_neighbors,5.0,2.0,13.0,57.0
p,3.0,1.0,1.0,1.0
leaf_size,8.0,10.0,4.0,24.0
max_test_score,0.9790209790209791,0.9733333333333334,0.9736842105263158,0.9333333333333333
max_train_score,0.9624413145539906,0.9732739420935412,0.9642010431484116,0.9774410774410774
test_score,0.979020979020979,0.9733333333333333,0.9736842105263157,0.9333333333333333
std_test,1.1102230246251565e-16,1.1102230246251565e-16,1.1102230246251565e-16,0.0
train_score,0.9624413145539906,0.9732739420935413,0.9642010431484117,0.9774410774410776
std_train,0.0,1.1102230246251565e-16,1.1102230246251565e-16,1.1102230246251565e-16
Time,175.9209699869156,335.079555773735,91.83138310909271,94.82380642890931
