,load_breast_cancer,load_digits,load_iris,load_wine
n_estimators,24.0,43.0,22.0,61.0
max_features,0.016970089557546933,0.07023637487717949,0.5684286819521274,0.7394107422409849
max_samples,0.20892314037646906,0.7843323925297098,0.9872753344320055,0.8731390949870534
max_test_score,0.965034965034965,0.9733333333333334,0.9736842105263158,0.9555555555555556
max_train_score,0.9507042253521126,0.9658500371195249,0.9642010431484116,0.9698653198653199
test_score,0.9573426573426573,0.9588888888888889,0.9736842105263157,0.9244444444444445
std_test,0.009090909090909071,0.007965977035082197,1.1102230246251565e-16,0.03173968190463491
train_score,0.948826291079812,0.9652561247216036,0.9633001422475107,0.9614646464646466
std_train,0.003449985553215762,0.0011878247958426514,0.0027027027027027085,0.007193675777612994
Time,0.5432577848434448,1.9948781251907348,0.6021279335021973,0.5457237482070922
