,load_breast_cancer,load_digits,load_iris,load_wine
n_estimators,23.0,176.0,55.0,97.0
max_features,0.5655574332246954,0.08769323135900797,0.8659705944446174,0.050986886884277494
max_samples,0.9345720129137401,0.903943121013674,0.3890658884221476,0.6853271669833935
max_test_score,0.965034965034965,0.9711111111111111,0.9736842105263158,0.9555555555555556
max_train_score,0.9483568075117371,0.9710467706013363,0.9642010431484116,0.9848484848484849
test_score,0.9608391608391609,0.9635555555555557,0.9736842105263157,0.9044444444444444
std_test,0.007131495823206677,0.004466611387164849,1.1102230246251565e-16,0.02444444444444446
train_score,0.9450704225352113,0.9673348181143281,0.9633001422475107,0.9765151515151513
std_train,0.0035132933209145066,0.0025284909229288926,0.0027027027027027085,0.007146955403073177
Time,19.59618444442749,46.41760876178741,14.980696225166321,16.7711359500885
