,load_breast_cancer,load_digits,load_iris,load_wine
n_estimators,72.0,148.0,31.0,87.0
max_features,0.023926271929020748,0.0564860552485034,0.7782918122190601,0.044159298549765864
max_samples,0.6212219668889385,0.7176182695579092,0.6302128554827696,0.9380514602213947
max_test_score,0.965034965034965,0.9688888888888889,0.9736842105263158,0.9333333333333333
max_train_score,0.9507042253521126,0.9710467706013364,0.9642010431484116,0.9924242424242425
test_score,0.9538461538461537,0.9644444444444445,0.9736842105263157,0.9044444444444444
std_test,0.007787083024937078,0.0032960882164869824,1.1102230246251565e-16,0.017356110390903703
train_score,0.9464788732394366,0.9694135115070528,0.9642010431484117,0.9901683501683503
std_train,0.004671302521627317,0.002041236389735387,1.1102230246251565e-16,0.0067676767676768
Time,60.56044595241546,147.41692306995392,52.02729141712189,70.83897016048431
