,load_breast_cancer,load_digits,load_iris,load_wine
n_estimators,114.0,91.0,21.0,79.0
max_features,0.27500784527614375,0.08906779806773642,0.5402853449293592,0.09679725593109882
max_samples,0.5097387938307407,0.6374339544047563,0.5102774152526386,0.6944905203694558
max_test_score,0.972027972027972,0.9733333333333334,0.9736842105263158,0.9333333333333333
max_train_score,0.9483568075117371,0.9725315515961395,0.9642010431484116,0.9848484848484849
test_score,0.9671328671328672,0.9642222222222223,0.9736842105263157,0.9155555555555557
std_test,0.0032045983880810004,0.004268749491621927,1.1102230246251565e-16,0.016629588385661986
train_score,0.9476525821596246,0.9691907943578322,0.9587956377430062,0.972121212121212
std_train,0.0010757219941211048,0.003290892391878426,0.004413495032041718,0.006730302011223945
Time,8.182518577575683,26.539111185073853,5.158638620376587,7.947141098976135
