,load_breast_cancer,load_digits,load_iris,load_wine
n_estimators,44.0,177.0,87.0,171.0
max_features,0.01632981493819141,0.11821609997551703,0.8138064237737268,0.07575774731652853
max_samples,0.7637202816073384,0.9764951964229429,0.5431337924831752,0.26654937490580966
max_test_score,0.972027972027972,0.9777777777777777,0.9736842105263158,0.9333333333333333
max_train_score,0.9507042253521126,0.9717891610987378,0.9642010431484116,0.9850168350168351
test_score,0.9594405594405593,0.968888888888889,0.9736842105263157,0.9
std_test,0.008155177475308095,0.005533288710217232,1.1102230246251565e-16,0.01490711984999862
train_score,0.9497652582159622,0.9692650334075722,0.9633001422475107,0.9834175084175086
std_train,0.002816901408450678,0.0018544908681212753,0.0027027027027027085,0.004574201403768876
Time,26.242112517356873,68.94779822826385,18.624309039115907,29.91518998146057
