,load_breast_cancer,load_digits,load_iris,load_wine
n_neighbors,14.0,1.0,16.0,44.0
p,3.0,1.0,1.0,2.0
leaf_size,12.0,1.0,27.0,14.0
max_test_score,0.965034965034965,0.9733333333333334,0.9473684210526315,0.9777777777777777
max_train_score,0.9624413145539906,0.9732739420935412,0.9642010431484116,0.9774410774410774
test_score,0.9601398601398602,0.971111111111111,0.9473684210526315,0.9422222222222223
std_test,0.0032045983880810004,0.0035832256659104897,0.0,0.01777777777777776
train_score,0.9617370892018778,0.97268002969562,0.9633001422475107,0.9714646464646467
std_train,0.0010757219941211046,0.0009272454340606786,0.002702702702702675,0.004489776213163148
Time,4.7672343254089355,24.10633146762848,5.241483211517334,5.396665239334107
