,load_breast_cancer,load_digits,load_iris,load_wine
n_estimators,21.0,128.0,48.0,119.0
max_features,0.0950823347231709,0.07717009210536269,0.49125116073823905,0.1310078773211676
max_samples,0.7922872332558155,0.7262818740778214,0.9609193957741782,0.9291312795590003
max_test_score,0.9790209790209791,0.9711111111111111,0.9736842105263158,0.9777777777777777
max_train_score,0.9553990610328639,0.9688195991091314,0.9642010431484116,0.9696969696969697
test_score,0.9615384615384615,0.9617777777777778,0.9736842105263157,0.9244444444444445
std_test,0.008420695509644967,0.006269660435407066,1.1102230246251565e-16,0.022662308949301272
train_score,0.951643192488263,0.9671121009651078,0.9642010431484117,0.960875420875421
std_train,0.006228403362169781,0.0023252353026526587,1.1102230246251565e-16,0.005561775927891337
Time,1.8355015754699706,6.627421593666076,1.2999509572982788,1.7732544422149659
