,load_breast_cancer,load_digits,load_iris,load_wine
n_estimators,122.0,89.0,110.0,162.0
max_features,0.0193681100124099,0.08046740012495379,0.785872733729793,0.1049185678538338
max_samples,0.8681554850943716,0.9762109674805561,0.6548860376383319,0.5951021068089717
max_test_score,0.965034965034965,0.9733333333333334,0.9736842105263158,0.9333333333333333
max_train_score,0.948356807511737,0.9725315515961396,0.9642010431484116,0.9848484848484849
test_score,0.9615384615384615,0.9651111111111111,0.9736842105263157,0.8955555555555555
std_test,0.0046910517010485,0.00422222222222225,1.1102230246251565e-16,0.014229164972073018
train_score,0.9462441314553989,0.9717891610987379,0.9642010431484117,0.9833333333333332
std_train,0.0022145495615155868,0.0014847809948032697,1.1102230246251565e-16,0.004545454545454542
Time,53.4208163022995,109.33316111564636,40.49290080070496,48.75902183055878
