,load_breast_cancer,load_digits,load_iris,load_wine
n_neighbors,15.0,1.0,13.0,63.0
p,3.0,1.0,1.0,1.0
leaf_size,3.0,11.0,6.0,3.0
max_test_score,0.958041958041958,0.9733333333333334,0.9736842105263158,0.9111111111111111
max_train_score,0.9624413145539906,0.9732739420935412,0.9642010431484116,0.9774410774410774
test_score,0.958041958041958,0.9733333333333333,0.9736842105263157,0.9111111111111111
std_test,0.0,1.1102230246251565e-16,1.1102230246251565e-16,0.0
train_score,0.9624413145539906,0.9732739420935413,0.9642010431484117,0.9774410774410776
std_train,0.0,1.1102230246251565e-16,1.1102230246251565e-16,1.1102230246251565e-16
Time,85.75920963287354,183.82478585243226,61.00521440505982,59.0371958732605
