,load_breast_cancer,load_digits,load_iris,load_wine
n_estimators,38.0,152.0,56.0,173.0
max_features,0.04207251502441989,0.08599877013143213,0.9255508710236463,0.05914339927120249
max_samples,0.8867992465930566,0.9208706225560805,0.789605379792528,0.7937983724578537
max_test_score,0.9790209790209791,0.9711111111111111,0.9736842105263158,0.9333333333333333
max_train_score,0.9553990610328639,0.9703043801039346,0.9642010431484116,0.9848484848484849
test_score,0.9608391608391609,0.9655555555555555,0.9736842105263157,0.9133333333333334
std_test,0.009988011788171818,0.0031817380140614325,1.1102230246251565e-16,0.01845916413981797
train_score,0.952112676056338,0.9697104677060133,0.9642010431484117,0.9848484848484848
std_train,0.002613973879262923,0.0007273911634099699,1.1102230246251565e-16,1.1102230246251565e-16
Time,33.567942476272584,95.32121059894561,30.26577467918396,40.52022705078125
