,load_breast_cancer,load_digits,load_iris,load_wine
n_neighbors,6.0,1.0,16.0,65.0
p,3.0,1.0,1.0,1.0
leaf_size,6.0,10.0,9.0,38.0
max_test_score,0.9790209790209791,0.9733333333333334,0.9473684210526315,0.9333333333333333
max_train_score,0.9624413145539906,0.9732739420935412,0.9642010431484116,0.9774410774410774
test_score,0.979020979020979,0.9733333333333333,0.9473684210526315,0.9333333333333333
std_test,1.1102230246251565e-16,1.1102230246251565e-16,0.0,0.0
train_score,0.9624413145539906,0.9732739420935413,0.9642010431484117,0.9774410774410776
std_train,0.0,1.1102230246251565e-16,1.1102230246251565e-16,1.1102230246251565e-16
Time,212.39081501960754,271.49886367321017,107.56326262950897,119.18377375602722
