,load_breast_cancer,load_digits,load_iris,load_wine
n_estimators,11.0,20.0,10.0,14.0
max_features,0.05529834678130964,0.26055885125421396,0.2069767908242932,0.461414631720999
max_samples,0.3173905367692271,0.2721879248388292,0.3202577157199489,0.5760183268793816
max_test_score,0.972027972027972,0.9444444444444444,0.9736842105263158,0.9555555555555556
max_train_score,0.948356807511737,0.9361544172234595,0.9642010431484116,0.962121212121212
test_score,0.9489510489510489,0.9173333333333333,0.9736842105263157,0.9066666666666666
std_test,0.00940812870424733,0.022016828580445937,1.1102230246251565e-16,0.04640136226182469
train_score,0.9427230046948356,0.9198960653303636,0.9633001422475107,0.9524410774410775
std_train,0.0028169014084506562,0.026031242901863823,0.0027027027027027085,0.017055999149406274
Time,0.08091790676116943,0.09177100658416748,0.0729872465133667,0.06868362426757812
