,load_breast_cancer,load_digits,load_iris,load_wine
n_neighbors,6.0,1.0,16.0,65.0
p,3.0,1.0,1.0,1.0
leaf_size,56.0,17.0,8.0,13.0
max_test_score,0.986013986013986,0.9733333333333334,0.9473684210526315,0.9333333333333333
max_train_score,0.9624413145539906,0.9732739420935412,0.9642010431484116,0.9774410774410774
test_score,0.9797202797202796,0.9733333333333333,0.9473684210526315,0.9333333333333333
std_test,0.0020979020979020936,1.1102230246251565e-16,0.0,0.0
train_score,0.962206572769953,0.9732739420935413,0.9642010431484117,0.9774410774410776
std_train,0.0007042253521126862,1.1102230246251565e-16,1.1102230246251565e-16,1.1102230246251565e-16
Time,47.43148756027222,121.19410908222198,47.5983964920044,52.26087713241577
