,load_breast_cancer,load_digits,load_iris,load_wine
n_estimators,51.0,163.0,43.0,59.0
max_features,0.051907370400134614,0.07308273881073576,0.905944929853284,0.14716291593537448
max_samples,0.8932723305411108,0.9001993702436176,0.7122820340566405,0.949633473507681
max_test_score,0.972027972027972,0.9755555555555555,0.9736842105263158,0.9333333333333333
max_train_score,0.9507042253521126,0.9717891610987378,0.9642010431484116,0.9924242424242425
test_score,0.9587412587412588,0.9673333333333334,0.9736842105263157,0.9
std_test,0.007300913642594775,0.004222222222222228,1.1102230246251565e-16,0.01490711984999862
train_score,0.9507042253521126,0.9694135115070525,0.9633001422475107,0.9818518518518518
std_train,0.0,0.0015853122868643029,0.0027027027027027085,0.011734574328450601
Time,88.64225423336029,204.8158695936203,54.983488011360166,77.38178589344025
