,load_breast_cancer,load_digits,load_iris,load_wine
n_estimators,62.0,148.0,47.0,88.0
max_features,0.014678457677498952,0.13436371126595856,0.8661167316066813,0.10114790898296075
max_samples,0.9809124984778199,0.9885836364072198,0.49260956549087714,0.2927051103836868
max_test_score,0.965034965034965,0.9777777777777777,0.9736842105263158,0.9111111111111111
max_train_score,0.9483568075117371,0.9717891610987378,0.9642010431484116,0.9774410774410774
test_score,0.9573426573426573,0.9693333333333334,0.9736842105263157,0.8955555555555555
std_test,0.0058088278761664735,0.0036918328279635874,1.1102230246251565e-16,0.010183501544346326
train_score,0.9464788732394368,0.9710467706013362,0.9642010431484117,0.9774410774410776
std_train,0.002299990368810475,0.0006640142472159449,1.1102230246251565e-16,1.1102230246251565e-16
Time,75.97960312366486,259.2782866716385,87.37575738430023,101.48005023002625
