,Breast_cancer,Opt_digits,Iris,Wine
n_estimators,29.0,98.0,49.0,63.0
max_samples,0.999,0.8881111111111111,0.8881111111111111,0.999
max_features,0.7772222222222221,0.11188888888888888,0.5554444444444444,0.001
max_test_score,0.972027972027972,0.9777777777777777,0.9736842105263158,0.9555555555555556
max_train_score,0.960093896713615,0.9755011135857461,0.9822190611664295,1.0
test_score,0.9608391608391609,0.9673333333333334,0.9736842105263157,0.9
std_test,0.010466174508458555,0.0051687570442724585,1.1102230246251565e-16,0.024845199749997684
train_score,0.9584507042253522,0.9729027468448403,0.9776908487434802,0.9947138047138047
std_train,0.0015030808069090924,0.001253299407285392,0.004481298312857638,0.003460978121012442
time,42.558489894866945,74.14214308261872,36.39017949104309,36.50814356803894
