,Breast_cancer,Opt_digits,Iris,Wine
n_estimators,14.0,73.0,51.0,93.0
max_samples,0.7772222222222221,0.7772222222222221,0.999,0.5554444444444444
max_features,0.7772222222222221,0.11188888888888888,0.7772222222222221,0.11188888888888888
max_test_score,0.972027972027972,0.9666666666666667,0.9736842105263158,0.9555555555555556
max_train_score,0.9530516431924884,0.9703043801039347,0.9732100521574205,0.9848484848484849
test_score,0.9615384615384615,0.9579999999999999,0.9736842105263157,0.9200000000000002
std_test,0.009511517838276515,0.006398302243950209,1.1102230246251565e-16,0.017777777777777806
train_score,0.9481220657276996,0.9622123236822568,0.9651019440493126,0.9713299663299664
std_train,0.0033936226044133555,0.006035319699095078,0.0027027027027026755,0.0073305045358259355
time,0.6136926889419556,0.8581395626068116,0.40329253673553467,0.554557204246521
