,Breast_cancer,Opt_digits,Iris,Wine
n_estimators,77.0,98.0,24.0,42.0
max_samples,0.44455555555555554,0.999,0.7772222222222221,0.8881111111111111
max_features,0.001,0.11188888888888888,0.6663333333333333,0.11188888888888888
max_test_score,0.9790209790209791,0.9711111111111111,0.9736842105263158,0.9555555555555556
max_train_score,0.9553990610328639,0.9725315515961395,0.9732100521574205,0.9924242424242425
test_score,0.965034965034965,0.9640000000000001,0.9736842105263157,0.9044444444444444
std_test,0.011701538832644416,0.00642525879768931,1.1102230246251565e-16,0.020000000000000028
train_score,0.952112676056338,0.9665181885671863,0.9696064485538172,0.9833838383838384
std_train,0.001877934272300502,0.003192279138826965,0.004413495032041717,0.0056381222893831864
time,1.6572773218154908,2.8585169076919557,1.4050792455673218,1.5669966459274292
