,Breast_cancer,Opt_digits,Iris,Wine
p,3.0,1.0,1.0,1.0
n_neighbors,10.0,1.0,9.0,37.0
leaf_size,13.0,9.0,30.0,30.0
max_test_score,0.9790209790209791,0.9733333333333334,0.9736842105263158,0.9333333333333333
max_train_score,0.9624413145539906,0.9732739420935412,0.9642010431484116,0.9774410774410774
test_score,0.9664335664335664,0.9733333333333333,0.9710526315789473,0.9333333333333333
std_test,0.01027757934034903,1.1102230246251565e-16,0.007894736842105288,0.0
train_score,0.9624413145539906,0.9732739420935413,0.9642010431484117,0.9774410774410776
std_train,0.0,1.1102230246251565e-16,1.1102230246251565e-16,1.1102230246251565e-16
time,20.34225115776062,201.79153122901917,5.97463092803955,6.47792284488678
