,Breast_cancer,Opt_digits,Iris,Wine
p,3.0,1.0,1.0,2.0
n_neighbors,10.0,1.0,9.0,29.0
leaf_size,20.0,20.0,29.0,17.0
max_test_score,0.9790209790209791,0.9733333333333334,0.9736842105263158,0.9555555555555556
max_train_score,0.9624413145539906,0.9732739420935412,0.9642010431484116,0.9774410774410774
test_score,0.9643356643356643,0.9733333333333333,0.9657894736842104,0.9377777777777778
std_test,0.009613795164243051,1.1102230246251565e-16,0.012059409723568039,0.008888888888888901
train_score,0.9624413145539906,0.9732739420935413,0.9642010431484117,0.9774410774410776
std_train,0.0,1.1102230246251565e-16,1.1102230246251565e-16,1.1102230246251565e-16
time,16.877250909805298,191.88132846355438,4.832082295417786,5.381205701828003
