,Breast_cancer,Opt_digits,Iris,Wine
n_estimators,10.0,52.0,26.0,48.0
max_samples,0.5554444444444444,0.999,0.11188888888888888,0.999
max_features,0.001,0.11188888888888888,0.8881111111111111,0.001
max_test_score,0.972027972027972,0.9733333333333334,0.9736842105263158,0.9555555555555556
max_train_score,0.960093896713615,0.9732739420935412,0.9822190611664295,1.0
test_score,0.962937062937063,0.9662222222222223,0.9710526315789473,0.9133333333333333
std_test,0.0070278850497348735,0.005333333333333368,0.007894736842105288,0.020964402515681373
train_score,0.9586854460093897,0.9717149220489979,0.9758653390232339,0.9932154882154883
std_train,0.0011499951844052374,0.0009651076466221448,0.004056479577427548,0.0022624784503586398
time,36.538652181625366,64.50075333118438,31.177415657043458,31.681516766548157
