,Breast_cancer,Opt_digits,Iris,Wine
p,3.0,1.0,1.0,1.0
n_neighbors,4.0,1.0,9.0,37.0
leaf_size,6.0,22.0,12.0,30.0
max_test_score,0.9790209790209791,0.9733333333333334,0.9736842105263158,0.9333333333333333
max_train_score,0.9624413145539906,0.9732739420935412,0.9642010431484116,0.9774410774410774
test_score,0.9727272727272727,0.9733333333333333,0.9684210526315787,0.9333333333333333
std_test,0.009613795164243051,1.1102230246251565e-16,0.010526315789473717,0.0
train_score,0.9624413145539906,0.9732739420935413,0.9642010431484117,0.9774410774410776
std_train,0.0,1.1102230246251565e-16,1.1102230246251565e-16,1.1102230246251565e-16
time,26.269012451171875,277.02233273983,6.736566209793091,7.546050333976746
