,Breast_cancer,Opt_digits,Iris,Wine
n_estimators,64.0,58.0,46.0,76.0
max_samples,0.999,0.999,0.11188888888888888,0.999
max_features,0.001,0.11188888888888888,0.11188888888888888,0.11188888888888888
max_test_score,0.9790209790209791,0.9733333333333334,0.9736842105263158,0.9777777777777777
max_train_score,0.9624413145539906,0.9732739420935412,0.9732100521574206,1.0
test_score,0.9587412587412588,0.9628888888888888,0.9736842105263157,0.928888888888889
std_test,0.01058233982546962,0.007636817901084263,1.1102230246251565e-16,0.02948110924760358
train_score,0.9577464788732396,0.9710467706013362,0.9732100521574203,0.9894444444444446
std_train,0.0027775022455866485,0.000996021370823942,2.482534153247273e-16,0.004979893593580146
time,12.561738085746764,21.582215237617493,10.582405352592469,10.851508736610413
