,Breast_cancer,Opt_digits,Iris,Wine
n_estimators,55.0,98.0,78.0,67.0
max_samples,0.8881111111111111,0.999,0.999,0.44455555555555554
max_features,0.8881111111111111,0.11188888888888888,0.999,0.001
max_test_score,0.9790209790209791,0.9688888888888889,0.9736842105263158,0.9333333333333333
max_train_score,0.960093896713615,0.9740163325909429,0.9732100521574205,0.9924242424242425
test_score,0.9615384615384615,0.9640000000000001,0.9736842105263157,0.9066666666666666
std_test,0.009511517838276534,0.0035555555555555783,1.1102230246251565e-16,0.01937288419351411
train_score,0.9558685446009392,0.9699331848552337,0.9732100521574203,0.9871885521885522
std_train,0.0029319239429100408,0.0017010303247794664,2.220446049250313e-16,0.0034282725109912545
time,6.569622945785523,11.38492591381073,5.502476596832276,5.524928450584412
