,Breast_cancer,Opt_digits,Iris,Wine
n_estimators,22.0,83.0,49.0,97.0
max_samples,0.8881111111111111,0.8881111111111111,0.22277777777777777,0.44455555555555554
max_features,0.11188888888888888,0.11188888888888888,0.6663333333333333,0.001
max_test_score,0.972027972027972,0.9755555555555555,0.9736842105263158,0.9333333333333333
max_train_score,0.9553990610328639,0.9703043801039346,0.9822190611664295,0.9924242424242425
test_score,0.9601398601398602,0.9613333333333334,0.9736842105263157,0.9111111111111112
std_test,0.008873131147167479,0.009594236953299078,1.1102230246251565e-16,0.01987615979999816
train_score,0.9535211267605634,0.967780252412769,0.9687055476529162,0.9848989898989899
std_train,0.001756646660457275,0.0015991580719033264,0.00604342696621561,0.004712030690707525
time,2.81222608089447,4.890494108200073,2.433212995529175,2.552653932571411
