,Breast_cancer,Opt_digits,Iris,Wine
p,3.0,1.0,2.0,2.0
n_neighbors,4.0,1.0,10.0,27.0
leaf_size,16.0,22.0,13.0,20.0
max_test_score,0.9790209790209791,0.9733333333333334,0.9736842105263158,0.9555555555555556
max_train_score,0.9624413145539906,0.9732739420935412,0.9642010431484116,0.9774410774410774
test_score,0.9727272727272727,0.9733333333333333,0.9605263157894737,0.9355555555555556
std_test,0.009613795164243051,1.1102230246251565e-16,0.013157894736842148,0.006666666666666676
train_score,0.9624413145539906,0.9732739420935413,0.9642010431484117,0.9774410774410776
std_train,0.0,1.1102230246251565e-16,1.1102230246251565e-16,1.1102230246251565e-16
time,9.924304342269897,110.15235764980316,2.6064327239990233,2.88315691947937
