,Breast_cancer,Opt_digits,Iris,Wine
n_estimators,33.0,95.0,26.0,85.0
max_samples,0.8881111111111111,0.999,0.8881111111111111,0.5554444444444444
max_features,0.001,0.11188888888888888,0.999,0.001
max_test_score,0.9790209790209791,0.9755555555555555,0.9736842105263158,0.9333333333333333
max_train_score,0.9647887323943661,0.9755011135857461,0.9822190611664295,0.9925925925925926
test_score,0.9664335664335664,0.968,0.9684210526315787,0.9066666666666666
std_test,0.008155177475308112,0.005896221849520712,0.01578947368421054,0.016629588385661986
train_score,0.96056338028169,0.9729769858945805,0.9767899478425793,0.9924410774410776
std_train,0.0020464314288922906,0.001416390796461692,0.004384939585148896,5.0505050505011975e-05
time,61.08561873435974,106.21398198604584,51.68847312927246,52.23964624404907
