,Breast_cancer,Opt_digits,Iris,Wine
p,3.0,1.0,1.0,1.0
n_neighbors,4.0,1.0,11.0,37.0
leaf_size,6.0,27.0,27.0,12.0
max_test_score,0.9790209790209791,0.9733333333333334,0.9736842105263158,0.9333333333333333
max_train_score,0.9624413145539906,0.9732739420935412,0.9642010431484116,0.9774410774410774
test_score,0.9685314685314685,0.9719999999999999,0.963157894736842,0.9333333333333333
std_test,0.010489510489510523,0.002845832994414618,0.012892051277806241,0.0
train_score,0.9624413145539906,0.9729027468448403,0.9642010431484117,0.9774410774410776
std_train,0.0,0.0007607238875991199,1.1102230246251565e-16,1.1102230246251565e-16
time,3.747004508972168,36.32969024181366,0.9084953308105469,1.0260971784591675
