,Breast_cancer,Opt_digits,Iris,Wine
p,3.0,1.0,1.0,2.0
n_neighbors,10.0,1.0,9.0,30.0
leaf_size,4.0,25.0,29.0,17.0
max_test_score,0.986013986013986,0.9733333333333334,0.9736842105263158,0.9555555555555556
max_train_score,0.9624413145539906,0.9732739420935412,0.9642010431484116,0.9774410774410774
test_score,0.9734265734265733,0.97,0.9657894736842104,0.9377777777777778
std_test,0.009277272140854295,0.0034783279649996954,0.012059409723568039,0.008888888888888903
train_score,0.9612676056338026,0.9716406829992577,0.9642010431484117,0.9774410774410776
std_train,0.0015746957588026668,0.0020680606202203708,1.1102230246251565e-16,1.1102230246251565e-16
time,1.3642536878585816,14.851710891723632,0.43094022274017335,0.47129509449005125
