,Breast_cancer,Opt_digits,Iris,Wine
p,3.0,2.0,1.0,1.0
n_neighbors,10.0,3.0,11.0,37.0
leaf_size,1.0,11.0,20.0,27.0
max_test_score,0.986013986013986,0.9644444444444444,0.9736842105263158,0.9555555555555556
max_train_score,0.9624413145539906,0.9710467706013363,0.9642010431484116,0.9774410774410774
test_score,0.9615384615384615,0.9613333333333334,0.9657894736842104,0.9400000000000001
std_test,0.014751764412397892,0.005183068350973595,0.012059409723568039,0.010183501544346326
train_score,0.9561032863849765,0.9623608017817371,0.9507112375533427,0.9729629629629631
std_train,0.0034896874993705267,0.006497931599742828,0.010838668117352228,0.0036568818807771962
time,0.3455735445022583,2.029147720336914,0.05994503498077393,0.06279165744781494
