,Breast_cancer,Opt_digits,Iris,Wine
p,3.0,1.0,2.0,2.0
n_neighbors,4.0,1.0,10.0,27.0
leaf_size,9.0,9.0,25.0,2.0
max_test_score,0.9790209790209791,0.9733333333333334,0.9736842105263158,0.9555555555555556
max_train_score,0.9624413145539906,0.9732739420935412,0.9642010431484116,0.9774410774410774
test_score,0.9685314685314685,0.9733333333333333,0.9684210526315787,0.9377777777777778
std_test,0.010489510489510523,1.1102230246251565e-16,0.010526315789473717,0.008888888888888903
train_score,0.9624413145539906,0.9732739420935413,0.9642010431484117,0.9774410774410776
std_train,0.0,1.1102230246251565e-16,1.1102230246251565e-16,1.1102230246251565e-16
time,22.551882600784303,234.38110723495484,5.814685249328614,6.427666449546814
