,Breast_cancer,Opt_digits,Iris,Wine
n_estimators,17.0,89.0,10.0,12.0
max_samples,0.6663333333333333,0.8881111111111111,0.5554444444444444,0.6663333333333333
max_features,0.001,0.11188888888888888,0.8881111111111111,0.001
max_test_score,0.972027972027972,0.9777777777777777,0.9736842105263158,0.9333333333333333
max_train_score,0.9647887323943661,0.9732739420935412,0.9822190611664295,1.0
test_score,0.9622377622377621,0.969111111111111,0.9684210526315787,0.9133333333333333
std_test,0.009988011788171798,0.005661217423492006,0.01578947368421054,0.01845916413981797
train_score,0.95962441314554,0.9726057906458797,0.9759127548601232,0.9932323232323232
std_train,0.0022999903688104588,0.000616675862132009,0.004128446572032283,0.002257148250787096
time,58.50189907550812,104.07910640239716,48.000715899467465,48.828948211669925
