,Breast_cancer,Opt_digits,Iris,Wine
n_estimators,49.0,76.0,5.0,86.0
max_samples,0.7772222222222221,0.8881111111111111,0.8881111111111111,0.5554444444444444
max_features,0.001,0.11188888888888888,0.44455555555555554,0.11188888888888888
max_test_score,0.972027972027972,0.9688888888888889,0.9736842105263158,0.9555555555555556
max_train_score,0.9624413145539905,0.9740163325909429,0.990990990990991,1.0
test_score,0.9608391608391609,0.9651111111111111,0.9736842105263157,0.8977777777777778
std_test,0.006409196776162001,0.00244444444444446,1.1102230246251565e-16,0.022662308949301282
train_score,0.9586854460093898,0.9722345953971789,0.9785680417259366,0.9932154882154883
std_train,0.0021514439882421295,0.000826691070947306,0.005911977219680134,0.0022624784503586398
time,49.04308996200562,86.33973488807678,41.63270716667175,41.95661463737488
