,Breast_cancer,Opt_digits,Iris,Wine
n_estimators,27.0,98.0,6.0,64.0
max_samples,0.6663333333333333,0.999,0.5554444444444444,0.7772222222222221
max_features,0.001,0.11188888888888888,0.44455555555555554,0.11188888888888888
max_test_score,0.9790209790209791,0.9733333333333334,0.9736842105263158,0.9555555555555556
max_train_score,0.9624413145539906,0.9732739420935412,0.9822190611664295,1.0
test_score,0.965034965034965,0.9633333333333333,0.9736842105263157,0.9022222222222223
std_test,0.010372305576357578,0.006974379922877892,1.1102230246251565e-16,0.028458329944146012
train_score,0.9591549295774648,0.9721603563474387,0.9741109530583214,0.9954713804713805
std_train,0.0015571008405424235,0.0007607238875991199,0.0027027027027027046,0.0036979217187848973
time,30.544614338874815,53.176240015029904,25.92484061717987,26.34929504394531
