,Breast_cancer,Opt_digits,Iris,Wine
p,3.0,1.0,1.0,2.0
n_neighbors,10.0,1.0,9.0,30.0
leaf_size,1.0,2.0,3.0,14.0
max_test_score,0.986013986013986,0.9733333333333334,0.9736842105263158,0.9555555555555556
max_train_score,0.9624413145539906,0.9732739420935412,0.9642010431484116,0.9774410774410774
test_score,0.9706293706293707,0.9686666666666668,0.9605263157894737,0.9355555555555556
std_test,0.009277272140854284,0.004812535072823968,0.013157894736842148,0.006666666666666676
train_score,0.9593896713615022,0.9697847067557536,0.9587956377430062,0.9774074074074074
std_train,0.0027874042457835414,0.004516395300446958,0.004413495032041718,6.73400673401048e-05
time,0.7080318927764893,7.339273691177368,0.2096688985824585,0.22929055690765382
