,Breast_cancer,Opt_digits,Iris,Wine
n_estimators,37.0,89.0,4.0,78.0
max_samples,0.7772222222222221,0.8881111111111111,0.8881111111111111,0.6663333333333333
max_features,0.999,0.11188888888888888,0.5554444444444444,0.001
max_test_score,0.9790209790209791,0.9711111111111111,0.9736842105263158,0.9555555555555556
max_train_score,0.960093896713615,0.9747587230883444,0.9822190611664295,0.9925925925925926
test_score,0.9643356643356643,0.9642222222222223,0.9736842105263157,0.9133333333333334
std_test,0.007300913642594797,0.006242031957861412,1.1102230246251565e-16,0.028888888888888915
train_score,0.9579812206572772,0.9720861172976984,0.9741109530583213,0.9924579124579125
std_train,0.001949911704910313,0.0017630797456626788,0.0027027027027027085,6.734006734001596e-05
time,24.465600967407227,42.7914573431015,20.707205367088317,20.937602496147157
