,Breast_cancer,Opt_digits,Iris,Wine
n_estimators,18.0,58.0,40.0,49.0
max_samples,0.8881111111111111,0.6663333333333333,0.22277777777777777,0.999
max_features,0.001,0.11188888888888888,0.5554444444444444,0.22277777777777777
max_test_score,0.972027972027972,0.9777777777777777,0.9736842105263158,0.9333333333333333
max_train_score,0.9624413145539906,0.9747587230883444,0.9822190611664295,0.9925925925925926
test_score,0.9622377622377621,0.9626666666666667,0.9736842105263157,0.8955555555555555
std_test,0.008391608391608374,0.008061492065429804,1.1102230246251565e-16,0.017356110390903685
train_score,0.9584507042253522,0.9717891610987379,0.9759127548601232,0.990942760942761
std_train,0.0021126760563380154,0.0016929108019289457,0.0041284465720322966,0.003005698842622482
time,18.2235467672348,32.36156387329102,15.619155216217042,15.605567502975465
